(0, 1.0), (1, 0.57735026918962584), (9, 0.57735026918962584), (2, 0.39036002917941309), (7, 0.28867513459481275), (10, 0.23570226039551601), (11, 0.0), (5, -0.28867513459481281), (4, -0.33333333333333343), (6, -0.57735026918962584), (3, -0.62994078834871203), (8, -0.8660254037844386)
(1, 0.99999999999999978), (10, 0.61237243569579447), (0, 0.57735026918962584), (9, 0.49999999999999989), (5, 0.0), (11, 0.0), (2, -0.084515425472851721), (6, -0.49999999999999989), (7, -0.49999999999999989), (8, -0.49999999999999989), (3, -0.54554472558998079), (4, -0.86602540378443882)
(2, 0.99999999999999989), (6, 0.50709255283710997), (3, 0.46106944597707344), (7, 0.42257712736425823), (0, 0.39036002917941309), (4, 0.048795003647426713), (1, -0.084515425472851721), (8, -0.3380617018914065), (11, -0.42257712736425823), (5, -0.42257712736425829), (9, -0.50709255283710997), (10, -0.7590721152765898)
(3, 0.99999999999999967), (6, 0.98198050606196552), (8, 0.54554472558998079), (2, 0.46106944597707344), (4, 0.25197631533948478), (7, 0.0), (5, -0.10910894511799624), (11, -0.32732683535398849), (1, -0.54554472558998079), (0, -0.62994078834871203), (10, -0.8463272660560105), (9, -0.98198050606196552)
(4, 1.0000000000000002), (7, 0.57735026918962584), (5, 0.28867513459481292), (6, 0.28867513459481292), (8, 0.28867513459481292), (3, 0.25197631533948478), (2, 0.048795003647426713), (9, -0.28867513459481292), (11, -0.28867513459481292), (0, -0.33333333333333343), (10, -0.35355339059327384), (1, -0.86602540378443882)
(5, 1.0000000000000002), (8, 0.5), (10, 0.40824829046386307), (4, 0.28867513459481292), (1, 0.0), (6, 0.0), (7, 0.0), (9, 0.0), (3, -0.10910894511799624), (0, -0.28867513459481281), (2, -0.42257712736425829), (11, -0.5)
(6, 0.99999999999999978), (3, 0.98198050606196552), (2, 0.50709255283710997), (8, 0.49999999999999989), (4, 0.28867513459481292), (5, 0.0), (7, 0.0), (1, -0.49999999999999989), (11, -0.49999999999999989), (0, -0.57735026918962584), (10, -0.81649658092772603), (9, -0.99999999999999978)
(7, 0.99999999999999978), (4, 0.57735026918962584), (2, 0.42257712736425823), (0, 0.28867513459481275), (3, 0.0), (5, 0.0), (6, 0.0), (8, 0.0), (9, 0.0), (11, 0.0), (10, -0.40824829046386302), (1, -0.49999999999999989)
(8, 0.99999999999999978), (3, 0.54554472558998079), (5, 0.5), (6, 0.49999999999999989), (4, 0.28867513459481292), (7, 0.0), (11, 0.0), (10, -0.20412414523193151), (2, -0.3380617018914065), (1, -0.49999999999999989), (9, -0.49999999999999989), (0, -0.8660254037844386)
(9, 0.99999999999999978), (10, 0.81649658092772603), (0, 0.57735026918962584), (1, 0.49999999999999989), (11, 0.49999999999999989), (5, 0.0), (7, 0.0), (4, -0.28867513459481292), (8, -0.49999999999999989), (2, -0.50709255283710997), (3, -0.98198050606196552), (6, -0.99999999999999978)
(10, 1.0000000000000002), (9, 0.81649658092772603), (1, 0.61237243569579447), (5, 0.40824829046386307), (0, 0.23570226039551601), (11, 0.20412414523193151), (8, -0.20412414523193151), (4, -0.35355339059327384), (7, -0.40824829046386302), (2, -0.7590721152765898), (6, -0.81649658092772603), (3, -0.8463272660560105)
(11, 0.99999999999999978), (9, 0.49999999999999989), (10, 0.20412414523193151), (0, 0.0), (1, 0.0), (7, 0.0), (8, 0.0), (4, -0.28867513459481292), (3, -0.32732683535398849), (2, -0.42257712736425823), (6, -0.49999999999999989), (5, -0.5)
